wp 0 1 380133408 -1226582149 12000 0 0 0 0
wp 1 1 380098982 -1226560430 24000 0 0 0 0
wp 2 1 380043892 -1226554380 36000 0 0 0 0
wp 3 1 380000622 -1226561707 39000 0 0 0 0
wp 4 1 379979914 -1226572655 39000 0 0 0 0
wp 5 1 379987291 -1226637503 39000 0 0 0 0
wp 6 1 379980122 -1226676862 39000 0 0 0 0
wp 7 1 380004196 -1226686602 39000 0 0 0 0
wp 8 1 380029302 -1226698480 36000 0 0 0 0
wp 9 1 380075346 -1226680612 24000 0 0 0 0
wp 10 1 380105964 -1226645085 24000 0 0 0 0
wp 11 1 380134808 -1226598968 12000 0 0 0 0
wp 12 1 380133092 -1226571167 8000 0 0 0 165
