wp 0 1 380133408 -1226582149 12192 0 0 0 0
wp 1 1 380098982 -1226560430 20192 0 0 0 0
wp 2 1 380043892 -1226554380 28192 0 0 0 0
wp 3 1 380000622 -1226561707 40092 0 0 0 0
wp 4 1 379979914 -1226572655 44092 0 0 0 0
wp 5 1 379987291 -1226637503 40392 0 0 0 0
wp 6 1 379980122 -1226676862 37592 0 0 0 0
wp 7 1 380004196 -1226686602 34992 0 0 0 0
wp 8 1 380029302 -1226698480 29592 0 0 0 0
wp 9 1 380075346 -1226680612 23092 0 0 0 0
wp 10 1 380105964 -1226645085 16192 0 0 0 0
wp 11 1 380134808 -1226598968 12292 0 0 0 0
wp 12 1 380133092 -1226571167 12192 0 0 0 165
